>> X = [0 -2 -1; 2 4 1; 2 2 3]
X =

   0  -2  -1
   2   4   1
   2   2   3

>> eig(X)
ans =

   2.0000
   3.0000
   2.0000

>> A = [1 5 9 2 -1; 2 -1 -9 0-8; pi 0 sqrt(3) 0; 1 1 1 1 9; 2 8 2 1 7]
error: vertical dimensions mismatch (1x5 vs 1x4)
>> A = [1 5 9 2 -1; 2 -1 -9 0-8; pi 0 sqrt(3) 0 0; 1 1 1 1 9; 2 8 2 1 7]
error: vertical dimensions mismatch (1x5 vs 1x4)
>> A = [1 5 9 2 -1; 2 -1 -9 0 -8; pi 0 sqrt(3) 0 0; 1 1 1 1 9; 2 8 2 1 7]
A =

   1.00000   5.00000   9.00000   2.00000  -1.00000
   2.00000  -1.00000  -9.00000   0.00000  -8.00000
   3.14159   0.00000   1.73205   0.00000   0.00000
   1.00000   1.00000   1.00000   1.00000   9.00000
   2.00000   8.00000   2.00000   1.00000   7.00000

>> b = [7 9/5 4 0 45]'
b =

    7.00000
    1.80000
    4.00000
    0.00000
   45.00000

>> linsolve(A,b)
ans =

   1.69623
   6.37177
  -0.76722
  -9.69219
   0.26571

>> sum([2,3])
ans =  5
>> [1]*7
ans =  7
>> [1]
ans =  1
>> ones(7,1)
ans =

   1
   1
   1
   1
   1
   1
   1

>> ones(1,7)
ans =

   1   1   1   1   1   1   1

>> ones(1,7)/[1:14:2]
ans =

   1   1   1   1   1   1   1

>> [1:14:2]
ans =  1
>> [1:14]
ans =

    1    2    3    4    5    6    7    8    9   10   11   12   13   14

>> [1:2:14]
ans =

    1    3    5    7    9   11   13

>> ones(1,7)/[1:2:14]
ans =  0.10769
>> ones(1,7)
ans =

   1   1   1   1   1   1   1

>> [1:2:14]
ans =

    1    3    5    7    9   11   13

>> [2 4]/[2 2]
ans =  1.5000
>> [2 4]./[2 2]
ans =

   1   2

>> [2 4].\[2 2]
ans =

   1.00000   0.50000

>> ones(1,7)./[1:2:14]
ans =

   1.000000   0.333333   0.200000   0.142857   0.111111   0.090909   0.076923

>> x = [1:0.1:10]
x =

 Columns 1 through 11:

    1.0000    1.1000    1.2000    1.3000    1.4000    1.5000    1.6000    1.7000    1.8000    1.9000    2.0000

 Columns 12 through 22:

    2.1000    2.2000    2.3000    2.4000    2.5000    2.6000    2.7000    2.8000    2.9000    3.0000    3.1000

 Columns 23 through 33:

    3.2000    3.3000    3.4000    3.5000    3.6000    3.7000    3.8000    3.9000    4.0000    4.1000    4.2000

 Columns 34 through 44:

    4.3000    4.4000    4.5000    4.6000    4.7000    4.8000    4.9000    5.0000    5.1000    5.2000    5.3000

 Columns 45 through 55:

    5.4000    5.5000    5.6000    5.7000    5.8000    5.9000    6.0000    6.1000    6.2000    6.3000    6.4000

 Columns 56 through 66:

    6.5000    6.6000    6.7000    6.8000    6.9000    7.0000    7.1000    7.2000    7.3000    7.4000    7.5000

 Columns 67 through 77:

    7.6000    7.7000    7.8000    7.9000    8.0000    8.1000    8.2000    8.3000    8.4000    8.5000    8.6000

 Columns 78 through 88:

    8.7000    8.8000    8.9000    9.0000    9.1000    9.2000    9.3000    9.4000    9.5000    9.6000    9.7000

 Columns 89 through 91:

    9.8000    9.9000   10.0000

>> xs = [1:0.1:10]
xs =

 Columns 1 through 11:

    1.0000    1.1000    1.2000    1.3000    1.4000    1.5000    1.6000    1.7000    1.8000    1.9000    2.0000

 Columns 12 through 22:

    2.1000    2.2000    2.3000    2.4000    2.5000    2.6000    2.7000    2.8000    2.9000    3.0000    3.1000

 Columns 23 through 33:

    3.2000    3.3000    3.4000    3.5000    3.6000    3.7000    3.8000    3.9000    4.0000    4.1000    4.2000

 Columns 34 through 44:

    4.3000    4.4000    4.5000    4.6000    4.7000    4.8000    4.9000    5.0000    5.1000    5.2000    5.3000

 Columns 45 through 55:

    5.4000    5.5000    5.6000    5.7000    5.8000    5.9000    6.0000    6.1000    6.2000    6.3000    6.4000

 Columns 56 through 66:

    6.5000    6.6000    6.7000    6.8000    6.9000    7.0000    7.1000    7.2000    7.3000    7.4000    7.5000

 Columns 67 through 77:

    7.6000    7.7000    7.8000    7.9000    8.0000    8.1000    8.2000    8.3000    8.4000    8.5000    8.6000

 Columns 78 through 88:

    8.7000    8.8000    8.9000    9.0000    9.1000    9.2000    9.3000    9.4000    9.5000    9.6000    9.7000

 Columns 89 through 91:

    9.8000    9.9000   10.0000

>> ys = sin((xs^2)/(sum(ones(1,7)./[1:2:14])))
error: for x^y, only square matrix arguments are permitted and one argument must be scalar.  Use .^ for elementwise power.
>> ys = sin((xs.^2)/(sum(ones(1,7)./[1:2:14])))
ys =

 Columns 1 through 10:

   0.489463   0.580126   0.671716   0.760700   0.842813   0.913097   0.966023   0.995712   0.996272   0.962255

 Columns 11 through 20:

   0.889247   0.774543   0.617892   0.422222   0.194260  -0.055092  -0.310740  -0.553909  -0.763272  -0.916765

 Columns 21 through 30:

  -0.994052  -0.979491  -0.865272  -0.654283  -0.362125  -0.017628   0.338683   0.658552   0.892338   0.997229

 Columns 31 through 40:

   0.946171   0.735836   0.391607  -0.032370  -0.459434  -0.803154  -0.985110  -0.954480  -0.704707  -0.282003

 Columns 41 through 50:

   0.218696   0.672119   0.953271   0.973635   0.712730   0.233695  -0.325802  -0.789397  -0.997353  -0.864999

 Columns 51 through 60:

  -0.422764   0.181380   0.725323   0.992815   0.862999   0.372196  -0.284665  -0.824273  -0.996077  -0.704321

 Columns 61 through 70:

  -0.070459   0.605712   0.982244   0.851000   0.262893  -0.475978  -0.954626  -0.886921  -0.293466   0.483950

 Columns 71 through 80:

   0.968318   0.841316   0.165249  -0.627176  -0.999251  -0.678059   0.129140   0.849138   0.943209   0.321064

 Columns 81 through 90:

  -0.555269  -0.998413  -0.637417   0.252328   0.936159   0.821117  -0.013550  -0.841846  -0.910099  -0.135502

 Column 91:

   0.771957

>> plot(xs,ys)
>> plot(xs,ys)
>> diary end
